0,10,20,30,40,50,60,70
4.400156,3.875701,3.881707,3.902123,3.954047,4.232950,4.223555,4.134208
3.933553,3.830077,4.342293,3.889043,4.018367,4.509139,4.062852,4.082996
4.178034,3.831290,4.138315,3.925460,3.934968,4.077234,4.431666,4.132656
3.849731,3.825507,3.991050,3.915260,3.958479,4.030615,4.096106,4.104134
4.040003,3.865131,4.008540,3.926593,3.950297,4.380530,4.178853,4.086120
3.782839,3.834283,4.281894,3.939158,4.180340,4.124738,4.156368,4.083477
3.867619,4.039435,4.013386,3.904374,3.991066,4.324683,4.087679,4.089341
4.763878,3.832288,3.901491,3.965186,4.730395,4.275266,4.085343,4.192583
4.050696,3.921667,4.131656,3.905863,3.956622,4.446909,4.038382,4.120993
4.079315,3.932536,3.873614,3.980521,3.930800,4.244930,4.081660,4.072597
4.740207,4.007685,3.866653,3.925820,3.951557,4.062460,4.474893,4.095873
4.132164,3.861263,4.494798,3.926573,3.957014,4.218608,4.088676,4.136891
3.851637,3.831209,4.059262,3.912478,3.945414,4.148156,4.033999,4.107569
3.775958,3.862653,4.009334,4.062925,4.019868,4.196898,4.186969,4.327046
3.875517,3.888435,3.905965,3.930358,3.946680,4.010910,4.187109,4.112713
3.965214,3.838836,4.274352,3.913401,3.943807,4.214906,4.041027,4.572124
3.939435,3.832411,4.198129,3.905942,3.993112,4.239552,4.141717,4.453590
3.798779,3.877985,4.064860,4.060716,3.920440,4.439457,4.242115,4.103950
4.120193,4.034636,4.095747,3.899752,4.069711,4.179577,4.304413,4.088088
4.053069,4.458490,3.880490,3.943723,4.147488,4.499165,4.055154,4.089494
3.818757,4.122253,3.911865,3.890486,3.992489,4.023854,4.111660,4.383814
3.815529,3.811894,4.011658,3.982365,4.083582,4.155001,4.045878,4.091862
3.861080,3.811966,4.102014,3.927869,3.950365,4.006819,4.509147,4.074950
3.794816,3.831066,3.937022,3.917140,3.994987,4.069521,4.456726,4.078877
3.786855,3.991802,3.919340,3.940359,4.099228,5.035069,4.131695,4.124469
3.853403,4.052428,3.878171,3.914956,3.957577,4.146127,4.059335,4.166672
3.800822,4.154396,3.895365,3.916167,3.959323,3.974486,4.031530,4.068099
4.018435,3.849089,3.863785,3.943493,3.964815,4.078384,4.435472,4.108720
3.812029,3.981881,3.999376,3.956308,3.986552,4.071071,4.041624,4.089240
3.780358,3.942886,3.984875,3.965967,3.974134,4.078676,4.040589,4.101490
3.933547,3.861578,3.881599,3.950808,3.944714,4.007738,4.222440,4.080994
3.773105,3.916140,3.871935,3.920165,3.995025,4.008264,4.156490,4.100853
3.782014,3.831419,3.854874,4.039508,4.001000,3.986097,4.091558,4.273012
3.822607,3.825751,3.877285,4.223008,3.963461,4.179585,4.048349,4.177740
4.116594,3.887468,3.896898,4.039759,3.933933,4.083969,4.179003,4.081796
3.816279,3.823504,3.872891,3.903350,4.222491,4.187520,4.462280,4.174039
3.966422,3.834036,3.915620,3.987098,4.190467,4.159925,4.433951,4.087180
3.800640,4.066470,3.870221,3.938179,4.287294,4.026814,4.308980,4.139537
3.783484,3.872811,3.866562,3.915920,3.968909,4.043464,4.228791,4.385854
3.881439,4.009430,3.867685,3.965939,3.968759,4.586711,4.245401,4.084185
4.123589,4.167974,3.882934,3.939579,4.092355,4.016969,4.207157,4.079480
4.207844,4.852113,3.875043,3.897811,3.960808,4.366693,4.078101,4.103204
3.790114,4.049765,4.036894,4.000123,3.950476,4.604870,4.043106,4.212927
3.777323,3.913797,3.896748,3.929267,3.947807,3.971133,4.044529,4.510528
3.846334,4.104391,3.884619,3.917600,4.560317,4.225089,4.032287,4.098580
3.955547,3.975289,3.888632,3.904185,4.028939,4.043977,4.180147,4.257155
3.786351,3.979482,3.893978,3.987989,4.937337,4.026819,4.114590,4.239062
3.781404,3.847786,3.872345,3.933002,4.203339,3.997151,4.373260,4.635777
3.785846,3.833417,3.929591,3.946386,4.245015,3.981043,4.035428,4.110596
3.912950,4.062684,3.868728,3.936753,3.962323,3.989799,4.060833,5.957780
3.915486,4.120827,4.297462,4.079836,4.118374,4.081044,4.047333,4.146328
3.771810,4.148798,4.090623,4.031211,4.395754,3.991444,4.169445,4.141056
3.781301,3.860474,3.978146,4.484107,3.946708,4.013629,4.049599,5.449596
3.760126,3.871785,3.891598,4.131165,4.000468,4.006873,4.356836,4.146143
3.835540,4.499617,3.885881,4.133729,4.080988,4.264987,4.087481,4.099356
3.801215,3.958292,4.052377,3.916782,4.179228,4.363952,4.070943,4.150443
3.768902,4.209126,3.872429,3.937421,4.027492,4.024069,4.104194,4.087987
3.836685,4.107927,3.893694,4.139392,3.948399,4.020218,4.089222,4.309582
3.941285,4.063862,3.916781,4.017742,4.224500,4.010810,4.153068,4.135960
3.997766,3.896438,4.143576,4.163895,4.005163,4.148721,4.051917,4.295972
3.803978,3.831890,4.027616,3.932473,5.419723,3.972520,4.070078,4.517077
4.108759,3.848412,3.935299,4.077399,3.971679,3.986523,4.076739,4.244627
3.828005,3.831598,3.849216,4.365281,4.087483,4.163763,4.199757,4.094025
4.217072,3.841824,4.010432,3.930954,4.189269,4.082185,4.213483,4.277999
3.804891,3.875243,4.013410,4.125617,4.127946,3.971454,4.091286,4.237890
3.898970,3.935188,4.058322,3.972387,4.136199,3.987695,4.190104,4.110175
3.787315,3.844130,3.978820,3.933040,3.964512,4.047562,4.123744,4.532483
4.003801,3.856200,4.063043,4.114381,3.994177,4.141433,4.163747,4.304507
3.822020,3.825128,4.003005,3.937420,4.009371,4.058704,4.254863,4.122149
4.361780,3.980067,3.932883,3.927807,3.928620,4.012392,4.206271,4.298055
3.778071,3.856541,3.885102,4.063035,3.943161,4.085415,4.056371,4.116933
4.084289,3.814133,3.873465,4.140199,3.998265,4.130337,4.361866,4.180536
3.829996,3.825796,4.060371,4.109372,4.136813,3.991223,4.558564,4.635125
4.042488,3.805005,4.072789,4.908723,4.156414,4.177528,4.467881,4.161910
4.352069,3.812527,4.027328,4.250540,4.329527,4.160393,4.152996,4.139691
3.878985,3.816363,3.914914,3.953951,3.992724,3.983341,4.073171,4.169724
4.136707,3.826347,4.229163,4.152478,4.407578,4.622598,4.194436,4.213096
4.354587,3.816160,3.986506,3.921350,4.143189,4.030088,4.048977,4.134188
3.834206,3.797655,3.916472,3.980838,4.113031,4.072684,4.192629,4.136950
4.184036,3.808710,3.956510,4.384060,4.319933,4.031057,4.085717,4.164380
3.789814,3.822399,3.873914,3.944349,4.068450,4.000539,4.034536,4.099934
3.748846,3.791432,3.864478,4.402342,3.939647,4.005104,4.847713,4.595520
3.898015,3.817396,3.935900,4.059551,3.971114,4.697348,4.327442,4.659015
3.781740,3.809782,3.882968,3.919558,3.939755,4.039058,4.213046,4.068684
3.756982,3.826180,3.855465,3.905094,3.995128,4.127896,4.528273,4.349111
3.951245,3.848984,3.925696,4.134457,3.988467,4.012618,4.172228,4.206831
3.759132,3.814275,3.856586,4.049278,4.003762,4.003532,4.057008,4.256471
4.060590,3.850939,3.863805,4.038016,4.175900,4.151005,4.138104,4.092811
3.765038,3.822852,3.854761,4.271321,4.050864,4.139380,4.077819,4.376054
3.768177,3.841071,3.842915,4.503208,3.950658,4.218552,4.272070,4.122568
3.815955,3.806684,3.891384,3.920512,4.128691,4.363492,4.392040,4.305586
3.976845,3.816690,3.843446,3.946096,4.155350,4.011198,4.438024,4.206123
3.895256,3.807503,3.868593,3.921832,4.016786,4.036441,4.071806,4.119006
3.778321,3.838610,3.853240,4.016464,4.069059,3.988453,4.020202,4.122512
3.774135,3.814081,3.892535,3.920730,4.087786,3.985535,4.047769,4.120024
4.306860,3.851012,3.910920,3.922454,4.165583,4.089805,4.372981,4.835560
3.991542,3.828471,3.864156,4.117516,3.968837,4.157999,4.159624,4.184022
3.884672,3.856437,3.877634,3.899435,3.937016,4.141226,4.106320,4.163079
4.517769,3.821154,3.979515,3.910845,4.232544,4.083140,4.075932,4.122400
4.224733,3.819306,3.852143,3.906435,3.981059,3.998276,4.038408,4.518496
3.904646,3.845165,3.854700,3.982167,4.169200,4.000578,4.046294,4.121410
3.804796,3.806110,3.870543,4.051190,4.021614,4.519558,4.224849,4.149748
3.779301,3.856771,3.857896,4.166552,4.850932,4.287284,4.198170,4.117611
3.887553,3.823049,3.858817,3.917965,3.994248,4.227530,4.044478,4.079338
3.890628,3.872553,3.847499,5.271923,4.051559,4.086584,4.236794,4.883421
3.929798,3.833996,3.853764,3.979722,4.038266,4.054422,4.481705,4.229512
3.997069,3.872431,3.881527,4.016557,4.051820,3.975981,4.113971,4.158574
4.019724,3.948784,3.853410,3.911976,3.969870,4.108043,4.098550,4.692423
3.888499,3.852152,3.888212,4.273865,4.121480,4.408730,4.045698,4.169280
3.853963,3.844693,3.842516,3.951554,3.941542,4.205705,4.331303,4.147281
3.806192,3.823333,3.843834,4.163907,4.012081,4.039998,4.072951,4.686815
4.649530,3.800475,3.901256,4.021696,3.935782,3.988798,4.067430,4.307991
3.814194,3.815641,3.858042,4.018273,3.948648,4.167115,4.202472,4.178389
3.832977,3.837161,3.856170,3.911987,3.944295,4.616924,4.377309,4.115371
3.793547,3.837137,3.904572,4.005321,3.988581,4.167135,4.647256,4.175217
4.030966,3.805730,3.885455,3.938787,3.958047,4.008958,4.157356,4.104616
3.773010,3.818179,3.877648,4.092257,3.953593,4.115227,4.126045,4.133087
3.789854,4.117805,3.863752,4.271943,3.954576,3.998368,4.258361,4.230021
3.838153,3.828096,3.834796,4.350079,4.036911,4.184606,4.112857,4.165337
3.777467,4.340935,4.178476,4.126302,3.931095,4.382008,4.114926,4.226555
3.832428,4.784515,4.165845,3.993797,3.969118,4.009876,4.086446,4.686179
3.871355,3.981371,3.881746,4.222429,4.117629,3.988669,4.072785,4.174446
3.787666,3.997764,3.949238,3.994340,4.058106,3.990250,4.367929,4.102764
3.784353,3.873201,3.871523,4.493524,3.915660,3.965083,4.570784,4.138855
4.215204,3.905498,3.867320,3.916214,3.989656,3.982549,4.132844,4.207241
4.802953,4.264091,3.857767,3.993210,3.948468,4.007493,4.093806,4.177431
3.822823,3.996283,3.851346,3.889744,3.938546,3.972883,4.072874,4.109830
3.978716,3.986145,3.871063,4.054323,4.830947,4.006346,4.633418,4.212882
3.845263,3.855334,3.848490,3.917848,4.166137,3.999325,4.547458,4.080684
3.960630,4.089036,3.843487,3.906767,3.962221,4.095557,4.051599,4.133591
3.781473,4.840215,3.882375,3.945950,5.029628,4.276188,4.071466,4.125575
3.764315,4.290434,3.868234,4.096777,4.142031,4.344813,4.578904,4.309301
3.773199,3.845724,3.848181,3.905428,3.952035,4.003269,4.725772,4.110537
3.938828,3.853819,3.850736,3.959488,4.354407,4.066502,4.765090,4.140240
3.811722,3.826806,3.856106,3.913383,4.635603,3.978887,4.059962,4.241906
3.770045,3.846472,3.849158,4.009462,3.942104,4.277529,4.318280,4.105931
3.867742,4.257500,3.957748,4.202543,4.047140,3.981680,4.200160,4.158177
3.919052,4.120333,3.838948,3.943649,3.925676,4.079785,4.950830,4.156868
3.759541,3.874738,3.858131,3.929458,3.924339,4.191489,4.049376,4.336503
3.776059,3.940856,3.982939,3.941713,4.263374,4.049079,4.146995,4.298427
3.767271,3.841058,3.842454,3.924826,4.008640,4.005588,4.025123,4.427109
3.796545,3.957661,3.837012,3.900885,4.073452,4.017000,4.243179,4.109480
3.836215,3.809216,4.205126,3.904915,3.947993,3.986217,4.181329,4.553471
3.785719,3.819636,3.850177,3.912103,4.283480,3.999359,4.211396,4.093686
3.789849,3.919926,3.932861,3.950475,3.942141,4.011914,4.039727,4.133306
3.768677,3.831732,3.828320,3.917373,4.016774,3.997872,4.960262,4.146452
3.759764,4.475479,3.865720,3.926959,4.147422,3.977572,4.049638,4.127774
3.762799,3.923645,3.833389,3.906757,4.219322,3.986297,4.412381,4.130477
3.816351,3.844383,3.909262,3.908674,4.048369,4.179247,4.195877,4.197584
3.775361,3.900229,3.851789,3.925820,4.763823,4.074559,4.155053,4.088962
3.781946,3.826210,3.911553,4.000891,4.282700,4.004210,4.161265,4.103961
3.855189,3.800748,3.907811,3.947849,4.429034,3.995736,4.046880,4.134987
3.802634,3.829109,3.857709,3.904269,4.225302,3.998490,4.064469,4.251797
3.786657,3.834332,3.880482,3.957093,4.016415,3.966399,4.161798,4.881794
3.761199,3.846571,3.857158,3.903996,4.305549,4.187616,4.391929,4.097647
3.817089,3.910201,3.865185,4.195942,4.010754,4.129739,4.038226,4.132937
3.787957,4.219537,3.901681,3.927946,3.994990,4.250011,4.144067,4.467930
3.800180,3.822595,3.891752,4.014850,3.917594,4.156927,4.329099,4.125431
3.786414,4.153075,3.868283,4.546401,4.198629,4.045631,4.231313,4.189860
3.768448,4.133121,4.006422,3.922543,3.949028,4.092373,4.351180,4.218604
3.781712,4.245867,3.877375,3.972457,3.923511,4.054257,4.378817,4.108027
3.754543,3.833289,3.934809,4.000639,3.990305,4.003164,4.019527,4.209001
3.762335,3.812643,3.906761,4.131572,3.970483,4.022940,4.369933,4.125264
3.780311,3.873242,3.857460,3.978902,4.205589,3.984859,4.146031,4.268688
3.778474,4.257709,4.039644,4.109453,4.017181,4.017859,4.044219,4.111851
3.793899,4.039703,3.877848,3.875111,4.087511,4.275205,4.259259,4.098681
3.777380,3.850954,4.092611,3.895235,4.196279,4.533125,5.485989,4.420413
3.785559,3.889230,3.898618,3.924597,4.453104,3.960151,4.173501,4.203271
3.809885,4.195277,3.843947,4.138608,3.961685,4.076694,4.363997,4.123833
3.761464,3.880418,3.889365,4.011637,4.370724,4.301768,4.104988,4.425302
3.764836,4.410123,3.890075,4.551425,4.517823,4.025717,4.102756,4.217664
3.836094,4.070253,3.877006,3.951115,3.933554,3.980607,4.037061,4.533311
3.779190,4.103369,3.947291,4.786438,3.936004,3.997171,4.478439,4.519258
3.789298,3.849711,3.913416,4.257623,3.941479,4.186505,4.322165,4.134826
3.793937,3.913632,3.869553,4.113340,3.956223,3.986693,4.140230,4.178097
4.103252,4.041002,3.856210,4.143527,4.207957,3.984866,4.037444,4.482085
3.965216,4.001288,3.842477,3.891136,4.075611,4.273771,4.235894,4.132561
3.834458,4.200660,3.836781,4.698009,3.918831,3.966799,4.014583,4.357773
3.921024,4.253598,3.851636,3.925986,3.961649,3.997434,4.056223,4.724544
3.773715,3.894577,3.874856,3.917840,4.156421,4.090706,4.070576,4.295493
3.784442,4.286502,3.858506,4.044989,4.010548,3.977885,4.210997,4.464046
3.767996,3.926608,3.884951,3.965069,4.010083,3.992786,4.522480,4.101077
3.763954,3.804834,3.847598,4.011415,4.032916,3.985267,4.035921,4.470497
3.798439,4.058825,3.873235,4.089365,3.997233,4.002356,4.053500,4.720749
3.764415,3.944023,3.870016,3.908989,3.945344,3.998741,4.065785,5.285999
3.812636,3.893281,3.863347,3.895044,3.933503,3.994532,4.045394,4.122549
3.772157,4.076882,3.874700,3.948079,3.984000,4.018353,4.478293,4.139134
3.823041,4.237612,3.873348,4.307134,4.021061,4.025664,4.507806,4.121156
3.911012,3.852483,3.865276,4.062470,4.066022,4.272498,4.105795,4.338989
3.881219,3.976939,3.865305,3.869212,3.916245,4.200072,4.282970,4.573724
4.101928,3.860290,3.853277,3.937938,4.126968,4.272762,4.134337,4.137222
4.234757,3.864904,3.863467,3.916306,3.950683,4.001289,4.025280,4.141805
3.790047,3.872115,3.892589,3.928427,4.588402,4.033599,4.168759,4.122002
3.866144,3.844175,3.850625,3.914073,4.320963,4.002751,4.065083,4.107462
3.790046,3.974622,3.863831,3.892557,4.705276,4.154223,4.017113,4.084386
3.848198,4.163994,3.860553,3.898170,3.969754,4.037923,4.385574,4.111072
3.803609,3.888720,3.833898,3.947899,4.117028,3.971739,4.479947,4.396491
3.791240,3.986764,3.863482,3.951999,3.975940,4.144649,4.077498,4.165395
3.939548,3.906638,3.852628,3.879407,4.079396,4.057022,4.054327,4.099549
3.866286,4.052633,3.895037,3.866653,3.930291,3.985621,4.047461,4.191148
