0,10,20,30,40,50,60,70
2.118225,2.113147,2.184628,2.365755,2.271187,2.320771,2.602011,2.385962
2.087003,2.138468,2.201206,2.338019,2.201055,2.335071,2.499906,2.788578
2.064393,2.281196,2.236143,2.250998,2.353722,2.299086,2.346719,2.522834
2.118948,2.207450,2.333256,2.225179,2.471418,2.405049,2.510206,2.457733
2.042683,2.203670,2.157531,2.230063,2.277054,2.290586,2.511062,2.539825
2.063306,2.266567,2.177129,2.141903,2.319301,2.372967,2.505872,2.388103
2.085809,61.865807,2.191187,2.233695,2.162057,2.486074,2.387116,2.498057
2.061002,2.106942,2.127739,2.189472,2.251119,2.311250,2.420685,2.554131
2.072899,2.108117,2.121185,2.255238,2.287509,2.483576,2.388051,2.497978
2.066378,2.110984,2.195090,2.216457,2.383694,2.516559,2.509357,2.623668
2.053915,2.201201,2.320085,2.277044,2.242763,2.367938,2.466791,2.509299
2.085262,2.317410,2.167248,2.253745,2.308290,2.490798,2.499809,2.363917
2.047854,2.189011,2.213897,2.222328,2.357260,2.389727,2.507083,2.553994
2.059361,2.250949,2.367925,2.121090,2.291312,2.344479,2.485525,2.546236
2.176666,2.118394,2.200085,2.247607,2.463081,2.483487,2.560909,2.516652
2.535769,2.132697,2.319848,2.462978,2.448467,2.491800,2.493340,2.425464
2.517777,2.096776,2.161742,2.214131,2.280088,2.472793,2.520806,2.423214
2.072739,2.176559,2.217355,2.230994,2.430093,2.612021,2.488228,2.474635
2.325060,2.155671,2.159979,2.163309,2.326292,2.601818,2.322017,2.376181
2.098490,2.078553,2.166362,2.179358,2.486516,2.530771,2.331395,2.466787
2.235442,2.216746,2.506777,2.199656,2.277806,2.970315,2.511057,2.454635
2.059449,2.152671,2.216128,2.208744,2.287786,2.631937,2.514866,2.560028
2.079440,2.225137,2.451316,2.178600,2.389600,2.467988,2.506604,2.551500
2.067682,2.096918,2.294842,2.425835,2.210615,2.291918,2.487068,2.590754
2.177568,2.086975,2.234375,2.485782,2.415180,2.442215,2.493430,2.451899
2.087352,2.332922,2.252547,2.188563,2.348368,2.462122,2.440817,2.505588
2.047674,2.286379,2.374609,2.260453,2.383052,2.612599,2.478863,2.423154
2.038260,2.165433,2.210899,2.441012,2.486763,2.510276,2.507415,2.596431
2.060696,2.231328,2.137407,2.203870,2.291688,2.473883,2.517639,2.225076
2.036266,2.222664,2.308376,2.185502,2.562865,2.327240,2.482103,2.327615
2.086182,2.170693,2.272424,2.179496,2.448046,2.433379,2.502998,2.435059
2.165856,2.138928,2.187917,2.260687,2.289074,2.331227,2.546122,2.546852
2.054030,2.189426,2.373360,2.192359,2.326079,2.509473,2.525799,2.535673
2.075367,2.229691,2.531894,2.327610,2.304340,2.422166,2.505365,2.509478
2.067896,2.074505,2.194441,2.400160,2.305689,2.379106,2.477705,2.449614
2.055942,2.125659,2.211550,2.230593,2.308581,2.316385,2.469796,2.527514
2.087327,2.081559,2.410216,2.262427,2.282467,2.314718,2.516169,2.540633
2.047951,2.317445,2.127243,2.311333,2.294849,2.379943,2.489538,2.515018
2.034384,2.216085,2.417836,2.355658,2.361777,2.278439,2.520976,2.484901
2.059020,2.088106,2.192487,2.458130,2.285517,2.501098,2.515112,2.549269
2.064745,2.208082,2.240199,2.121847,2.292747,2.613666,2.495026,2.342932
2.109488,2.104338,2.174790,2.209578,2.325953,2.466093,2.514196,2.496822
2.047685,2.061664,2.171789,2.747953,2.303438,2.337404,2.509850,2.557553
2.043821,2.075528,2.190186,2.663334,2.287348,2.375436,2.486641,2.575315
2.059117,2.143695,2.185749,2.196953,2.237151,2.477039,2.529212,2.459347
2.007400,2.119900,2.098751,2.217309,3.076862,2.467544,2.473436,2.540800
2.371265,2.188009,2.201997,2.236282,2.308674,2.280207,2.517368,2.433602
2.098771,2.101867,2.196662,2.357141,2.285043,3.139436,2.520326,2.519297
2.041087,2.057911,2.191984,2.297648,2.378833,2.307943,2.370517,2.897136
2.005331,2.372982,2.232575,2.213312,2.279431,2.479650,2.511284,2.631531
2.069104,2.203172,2.185711,2.233273,2.270490,2.449892,2.394544,2.366400
2.072357,2.135378,2.195788,2.440176,2.184829,2.514621,2.331809,2.499221
2.052434,2.154961,2.258812,2.421061,2.231575,2.487068,2.501760,2.548366
2.201562,2.072886,2.115314,2.272170,2.272900,2.273171,2.526460,2.523903
2.042638,2.196200,2.171211,2.239804,2.292478,2.317088,2.519799,2.520849
2.057579,2.227096,2.622802,2.262714,2.272342,2.447953,2.496450,2.465259
2.042909,2.128513,2.129664,2.403762,2.558971,2.264023,2.395619,2.411460
2.040073,2.071991,2.134562,2.425369,2.175437,2.280405,2.441298,2.417436
2.056193,2.251943,2.100516,2.279828,2.385784,2.485466,2.506126,2.527839
2.611311,2.273326,2.184663,2.199904,2.302194,2.254546,2.383163,2.473567
2.065109,2.159255,2.237471,2.479507,2.383342,2.295384,2.484727,2.443099
2.028038,2.089739,2.390549,2.333411,2.266694,2.378688,2.516544,2.578924
2.050975,2.316863,2.195725,2.396145,2.523994,2.341993,2.478411,2.333703
2.088763,2.262562,2.217709,2.844465,2.454504,2.638032,2.462366,2.661637
2.084370,2.231331,2.253025,2.248132,2.395193,2.292911,2.375425,2.248768
2.088094,2.092283,2.166860,2.378822,2.312361,2.623444,2.520833,2.369844
2.058891,2.493175,2.132204,2.171725,2.293949,2.588707,2.607378,2.675127
2.067566,2.132317,2.097633,2.493035,2.282432,2.169882,2.506093,2.517049
2.055477,2.165590,2.245227,2.290636,2.338653,2.373483,2.509131,2.519449
2.071317,2.118572,2.158916,2.479798,2.227882,2.301542,2.511553,2.539054
2.050376,2.151644,2.270149,2.240491,2.310454,2.275682,2.505022,2.408465
2.049817,2.075317,2.228161,2.531706,2.261660,2.329785,2.525162,2.566234
2.084107,2.243866,2.974093,2.261040,2.268263,2.295886,2.406725,2.621193
2.062904,2.361502,2.177540,2.258435,2.332567,2.355157,2.517041,2.449718
2.048713,2.297293,2.322164,2.304482,2.385472,2.494532,2.448740,2.538823
2.077942,2.383699,2.164647,2.188335,2.281433,2.515200,2.513102,2.307141
2.179900,2.180166,2.323874,2.136868,2.556546,2.462334,2.421360,2.507652
2.046635,2.111464,2.346527,2.262312,2.505444,2.468747,2.456162,2.551844
2.615783,2.145803,2.095220,2.733301,2.413926,2.470704,2.494525,2.757914
2.180207,2.139712,2.512092,2.238998,2.271420,2.338671,2.505254,2.527613
2.068112,2.141583,2.323072,2.231856,2.262872,2.504594,2.501880,2.534271
2.039577,2.120321,2.256117,2.675662,2.321763,2.301529,2.536849,2.643867
2.387725,2.180545,2.254311,2.238604,2.269473,2.468204,2.514655,2.629689
2.061444,2.081444,2.163206,2.506177,2.260129,2.368166,2.591444,2.530674
2.064890,2.250353,2.205947,2.297916,2.218907,2.433194,2.535079,2.542085
2.104833,2.118290,2.432613,2.353838,2.317992,2.480030,2.512654,2.455676
2.090686,2.127277,2.232994,2.921936,2.272916,2.470915,2.521872,2.433644
2.057205,2.094028,2.186780,2.530813,2.272831,2.506857,2.517608,2.390140
2.017929,2.092686,2.172949,2.678426,2.286612,2.576790,2.497692,2.451683
2.047225,2.225758,2.103481,2.209219,2.275818,2.494510,2.492023,2.407030
2.081310,2.079431,2.257725,3.123067,2.286641,2.310263,2.509408,3.735041
2.053998,2.121127,2.149894,2.536673,2.317358,2.515840,2.539374,2.564576
2.109579,2.075125,2.207941,2.154018,2.289126,2.471977,2.445398,2.297277
2.069185,2.343449,2.593496,2.322399,2.279069,2.327430,2.547542,2.304925
2.058004,2.136394,2.148502,2.268538,2.384443,2.437777,2.469155,2.509124
2.032786,2.179687,2.524379,2.346556,2.256851,2.483851,2.549349,2.590212
2.103266,2.147353,2.206809,2.320562,2.267140,2.327956,2.532729,2.428359
2.015138,2.076325,2.224137,2.670298,2.351022,2.300859,2.515148,2.682359
2.053673,2.190639,2.255562,2.306703,2.354289,2.275619,2.379102,2.456854
2.085240,2.098710,2.263702,2.296413,2.277376,2.325643,2.458525,2.565633
2.065510,2.191596,2.104666,2.332222,2.234641,2.487453,2.533634,2.428685
2.047264,2.103649,2.341899,2.180107,2.300214,2.478367,2.582333,2.325956
2.053534,2.244748,2.225096,2.339789,2.363050,2.496657,2.514581,2.613599
2.060804,2.125577,2.363568,2.198032,2.287423,2.480855,2.374697,2.499872
2.065566,2.087282,2.487512,2.334792,2.408477,2.461706,2.342329,2.584227
2.076077,2.125211,2.274189,2.676491,2.290529,2.480731,2.511108,2.414791
2.078640,2.130011,2.218078,2.460487,2.295747,2.482813,2.347292,2.345900
2.074141,2.303384,2.410536,2.384080,2.368981,2.481421,2.521107,2.528551
2.167344,2.069881,2.371934,2.866448,2.230305,2.298963,2.515886,2.520914
2.055239,2.092251,2.275399,2.213965,2.370172,2.515311,2.505883,2.587974
2.055829,2.073570,2.202458,2.356474,2.321018,2.314663,2.530692,2.577733
2.013640,2.079810,2.297699,2.223133,2.280676,2.491654,2.507253,2.576705
2.077855,2.107651,2.213476,2.153197,4.921097,2.474789,2.477703,2.439629
2.209170,2.372229,2.220813,2.390916,2.786681,2.320831,2.531642,2.337738
2.075711,2.265781,2.330870,2.213765,2.414814,2.318508,2.534635,2.535251
2.073659,2.141013,2.250214,2.207283,3.307762,2.455863,2.529734,2.405056
2.070395,2.196103,2.402430,2.405705,2.592803,2.308726,2.310118,2.372632
2.090650,2.113261,2.102450,2.224239,2.508738,2.308646,2.395318,3.280087
2.038458,2.351042,2.119418,2.261643,2.174636,2.300740,2.426043,2.386105
2.071873,2.357150,2.100317,2.124580,2.366569,2.293446,2.506020,2.588682
2.113884,2.261026,2.467900,2.146824,2.199039,2.477693,2.481534,2.752790
2.052160,2.109984,2.151509,2.212674,2.202048,2.476885,2.356841,2.840199
2.034746,2.117061,2.121032,2.216643,2.745429,2.475395,2.389219,2.655608
2.103590,2.107889,2.195358,2.215152,2.570684,2.416397,2.527258,2.408087
2.046480,2.098903,2.299832,2.219412,2.360555,2.454151,2.504690,2.353041
2.052445,2.136306,2.123184,2.227665,2.291134,2.473554,2.486598,2.470054
2.056112,2.108173,2.255820,2.483748,2.308862,2.505118,2.489927,2.364114
2.088532,2.173498,2.257107,2.215544,2.454560,2.445183,2.507638,2.695027
2.076807,2.063682,2.119720,2.239651,3.177359,2.450066,2.512586,2.538336
2.080006,2.062071,2.661124,2.216890,2.825347,2.512862,2.478380,2.965744
2.049218,2.197709,2.148169,2.372859,2.275632,2.552002,2.476904,2.418025
2.035269,2.347288,3.383875,2.381008,3.138560,2.575846,2.497811,2.328935
2.045599,2.235963,2.309659,2.230621,2.511084,2.268432,2.506518,2.436427
2.058820,2.092325,2.182735,2.182162,2.551943,2.508261,2.266534,2.505162
2.064142,2.126172,2.279026,2.213412,2.346111,2.496306,2.478173,2.477118
2.048274,2.129221,2.153257,2.396631,2.250195,2.435170,2.549631,2.560570
2.058877,2.099052,2.195315,2.390146,2.607814,2.506311,2.420219,2.375351
2.050839,2.112765,2.394922,2.205061,2.328521,2.439826,2.530506,2.449056
2.079856,2.106952,2.198510,2.452963,2.249813,2.303528,2.464162,2.487373
2.045745,2.085171,2.158075,2.144353,2.292974,2.283125,2.367946,2.344914
2.061636,2.170856,2.277094,2.201823,2.455702,2.307453,2.423515,2.619211
2.049015,2.182762,2.330758,2.241835,2.234833,2.324914,2.643248,2.353939
2.053340,2.049694,2.443875,2.414605,2.392417,2.315195,2.353102,2.753003
2.048153,2.058727,2.203224,2.247565,2.293561,2.410345,2.488417,2.302766
2.055139,2.084778,2.122081,2.210165,2.563353,2.296129,2.482184,2.539628
2.059904,2.116996,2.186231,2.398196,2.241427,2.295526,2.579915,2.504926
2.044823,2.096398,2.200164,2.365990,2.672004,2.846790,2.373670,2.558475
2.048310,2.086216,2.377103,2.377036,2.275282,2.307549,2.663492,2.457930
2.087734,2.124909,2.195065,2.249373,2.556047,2.282343,2.528984,2.503313
2.061956,2.088292,2.359672,2.223439,2.302220,2.297172,2.503523,2.392279
2.050933,2.115042,61.866177,2.421806,2.410867,2.495870,2.273773,2.446136
2.049497,2.092338,2.284108,2.204459,2.529294,2.342680,2.529909,2.412895
2.052005,2.118187,3.021247,2.336610,2.538472,2.450205,2.565516,2.397163
2.050079,2.214261,2.284577,2.216618,2.906752,2.500922,2.553257,2.509039
2.172709,2.130492,2.175996,2.287648,2.570367,2.286585,2.478421,2.249575
2.659882,2.105679,2.365186,2.432304,2.353622,2.468423,2.365339,2.377888
2.030315,2.101775,2.188417,2.393463,2.395132,2.487738,2.515113,2.607551
2.178311,2.187447,2.198661,2.396911,2.488723,2.577191,2.308030,2.417054
2.547458,2.098985,2.224985,2.347726,2.493393,2.485553,2.506929,2.630398
2.090023,2.066035,2.496301,2.378342,2.333805,2.486940,2.493185,2.553319
2.325269,2.149963,2.222262,2.207304,2.286754,2.355731,2.513370,2.423211
2.729237,2.109137,2.321042,2.337225,2.274634,2.477766,2.522412,2.636731
2.210011,2.227517,2.222225,2.221869,2.217875,2.468312,2.467843,2.488667
2.185218,2.152266,2.204850,2.198557,2.277903,2.516271,2.425942,2.600919
2.160665,2.356295,2.212902,2.506451,2.338179,2.330273,2.393001,2.418142
2.823913,2.079839,2.100686,2.215496,2.486423,2.284387,2.568016,2.460827
2.464700,2.044161,2.216432,2.353180,2.182561,2.332743,2.478879,2.529755
2.579275,2.230262,2.258060,2.131358,2.345768,2.491417,2.505501,2.521050
2.479528,2.277672,2.191233,2.374744,2.486500,2.313123,2.516200,2.435922
2.123188,2.211286,2.207068,2.448260,2.403217,2.522452,2.500201,2.506997
2.034442,2.118568,2.119804,2.199433,2.516986,2.243049,2.447574,2.519771
2.197193,2.187800,2.196434,2.413035,2.209819,2.315768,2.554668,2.539634
2.092292,2.128966,2.171858,2.222708,2.493894,2.530980,2.482454,2.491665
2.241408,2.120604,2.162479,2.201392,2.419331,2.457313,2.511241,2.515846
2.283957,2.101306,2.385115,2.218366,2.266306,2.311975,2.470073,2.516347
2.471893,2.205422,2.092184,2.195432,2.270424,2.316429,2.453600,2.526930
2.202781,2.111882,2.293680,2.451861,2.325312,3.000000,2.348028,2.534112
2.952771,2.097900,2.178312,2.226459,2.360011,2.472234,2.544960,2.534775
2.141648,2.072345,2.163417,2.314709,2.244169,2.308290,2.590858,2.525587
2.337867,2.268850,2.191897,2.192051,2.262605,2.484853,2.501917,2.514571
2.065135,2.207934,2.161447,2.387511,2.508720,2.490594,2.567231,2.539245
2.143696,2.121784,2.175462,2.231054,2.281093,2.362966,2.262073,2.463188
2.128004,2.117063,2.205832,2.330744,2.299529,2.273044,2.649118,2.527364
2.039923,2.106104,2.178733,2.438331,2.265925,2.486100,2.668211,2.525675
2.500464,2.091912,2.182303,2.408852,2.294511,2.442905,2.450981,2.485368
2.071290,2.344606,2.178407,2.231867,2.260343,2.443801,2.356617,2.513504
2.254725,2.157279,2.165996,2.276332,2.424013,2.462200,2.942307,2.516399
2.122057,2.084419,2.245440,2.163794,2.426653,2.491889,2.536229,2.541374
2.085523,2.300537,2.121120,2.253995,2.364630,2.497812,2.483948,2.406919
2.066004,2.096598,2.195096,2.349248,2.287562,2.497678,2.533062,2.522529
2.297718,2.047688,2.220955,2.393229,2.289976,2.379392,2.845569,2.527523
2.230989,2.239785,2.088300,2.216888,2.258938,2.484457,2.635050,2.516266
2.059371,2.173149,2.612294,2.286345,2.325654,2.494439,2.417930,2.481005
2.109295,2.051202,2.209342,2.237185,2.269918,2.461995,2.547019,2.506999
2.117752,2.043563,2.189228,2.211755,2.260921,2.476679,2.747174,2.552685
2.084576,2.071828,2.240588,2.202498,2.243794,2.337539,2.492428,2.535128
2.170988,2.088053,2.243255,2.427800,2.290507,2.309005,2.614141,2.556590
2.226438,2.113218,2.185110,2.220118,2.259408,2.441844,2.546413,2.446396
2.481950,2.137970,2.177862,2.467672,2.270868,2.452870,2.553418,2.477374
2.066281,2.118291,2.305934,2.223348,2.268140,2.323733,2.531979,2.507298
