0,10,20,30,40,50,60,70
2.042089,2.190941,2.255710,2.456389,2.441735,2.456726,2.371625,2.518601
2.035066,2.164471,2.070977,2.173252,2.464269,2.324603,2.363163,2.598105
2.062369,2.189252,2.241746,2.439697,2.364743,2.204878,2.449336,2.820215
2.036543,2.131062,2.182279,2.161283,2.275137,2.273375,2.508338,2.453950
2.118487,2.071072,2.211196,2.183531,2.440880,2.265068,2.373797,2.512254
2.100319,2.109501,2.186748,2.206932,2.341494,2.313376,2.342212,2.293271
2.028512,2.119642,2.072012,2.391970,2.249773,2.364704,2.547973,2.690521
2.113590,2.170679,2.134485,2.258569,2.305371,2.408260,2.462608,2.515722
2.081473,2.158094,2.330645,2.189735,2.394232,2.486340,2.459376,2.681770
2.013442,2.184353,2.137345,2.492257,2.369112,2.510874,2.435778,2.422437
2.013227,2.192357,2.183208,2.473524,2.538648,2.423442,2.487943,2.294246
2.011468,2.200751,2.135342,2.169157,2.303258,2.458115,2.405309,2.413040
2.171216,2.104411,2.186260,2.274200,2.170247,2.539367,2.502096,2.399018
2.121021,2.157587,2.172114,2.240987,2.339983,2.350220,2.466513,2.446018
2.017798,2.054300,2.147709,2.384456,2.501062,2.323722,2.467767,2.461949
2.036537,2.226531,2.240530,2.506870,2.269835,2.348859,2.512107,2.499325
2.076145,2.212368,2.147658,2.212541,2.389575,2.315665,2.483614,2.436373
2.165711,2.135007,2.168490,2.382062,2.547417,2.470441,2.512619,2.590001
2.077661,2.278369,2.166068,2.159164,2.385844,2.265151,2.496495,2.522799
2.019687,2.188070,2.607050,2.146179,2.315649,2.278535,2.397604,2.608317
2.058964,2.082252,2.138051,2.442916,2.421208,2.477257,2.555849,2.444299
2.037619,2.206279,2.159898,2.506490,2.570091,2.522474,2.489305,2.625357
2.105836,2.149257,2.128947,2.161638,2.467120,2.344207,2.479050,2.605948
2.100905,2.114346,2.176469,2.171337,2.417523,2.339954,2.496710,2.424761
2.108885,2.162447,2.123215,2.386993,2.409337,2.340458,2.470975,2.471746
2.053677,2.104172,2.339240,2.232097,2.403292,2.313356,2.348474,2.376449
2.020793,2.188539,2.222114,2.202842,2.295522,2.319171,2.399855,2.428939
2.134823,2.117600,2.146304,2.235936,2.233412,2.337050,2.354300,2.378161
2.178167,2.312357,2.145791,2.358277,2.240671,2.353003,2.358857,2.656364
2.105029,2.071737,2.133298,2.145954,2.283510,2.366275,2.378842,2.364215
2.108733,2.070872,2.177586,2.158891,2.311534,2.284614,2.427477,2.517504
2.091238,2.120308,2.145598,2.315229,2.334496,2.358539,2.481894,2.394094
2.119188,2.090597,2.153876,2.357657,2.313011,2.396818,2.532895,2.267208
2.037899,2.091899,2.180844,2.362026,2.342330,2.415373,2.492182,2.451451
2.031885,2.034271,2.195636,2.169055,2.389922,2.420986,2.362613,2.293599
2.026529,2.112584,2.206318,2.368708,2.306910,2.450337,2.382855,2.619992
2.080520,2.070814,2.174670,2.389508,2.321936,2.326552,2.554538,2.514662
2.052023,2.051414,2.102454,2.381016,2.469654,2.430856,2.465497,2.368416
2.026697,2.137852,2.147635,2.682636,2.478532,2.323147,2.412549,2.592909
2.138959,2.145859,2.234966,2.422519,2.485078,2.331081,2.463215,2.579967
2.006833,2.171714,2.212041,2.370809,2.539200,2.319919,2.742639,2.593166
2.149530,2.073848,2.150205,2.173031,2.509097,2.325774,2.445027,2.428577
2.042136,2.176047,2.214608,2.257079,2.774919,2.420209,2.464490,2.557657
2.019899,2.133519,2.210055,2.535120,2.349258,2.318402,2.796603,2.551866
2.191736,2.419149,2.139660,2.350704,2.352960,2.522707,2.488030,2.447196
2.012074,2.218588,2.101064,2.210098,2.373938,2.448911,2.389703,2.357141
2.080182,2.422920,2.166699,2.415681,2.661494,2.328836,2.495058,2.400056
2.020041,2.158507,2.214198,2.397300,2.409469,2.339166,2.670065,2.424657
2.104014,2.176501,2.135820,2.492019,2.169372,2.590929,2.405782,2.460493
2.015734,2.215085,2.065889,2.404218,2.529011,2.381350,2.563121,2.516004
2.111736,2.209665,2.415907,2.186584,2.790975,2.322418,2.514561,2.677333
2.046290,2.200496,2.222632,2.160866,2.592160,2.426133,2.538634,2.505369
2.040809,2.099151,2.533776,2.424375,2.274513,2.315202,2.415247,2.947010
2.146288,2.128952,2.101968,2.341093,2.300439,2.431517,2.332558,2.802030
2.074256,2.111315,2.148755,2.201964,2.290811,2.315578,2.310957,2.605251
2.120012,2.106032,2.247767,2.199376,2.685513,2.432263,2.391869,2.295113
1.979778,2.166716,2.218516,2.264360,2.622464,2.369044,2.327095,2.468201
2.111991,2.206035,2.196366,2.189451,2.476621,2.342723,2.414727,2.671390
2.034914,2.170223,2.304319,2.162645,2.345738,2.397217,2.400302,2.532743
2.098755,2.109042,2.189169,2.247561,2.456392,2.437314,2.325496,2.638622
2.040773,2.158175,2.212640,2.230286,2.330099,2.400636,2.354708,2.580546
2.152304,2.091279,2.187986,2.440219,2.332148,2.414107,2.341206,2.686096
2.056865,2.301605,2.184137,2.230951,2.353727,2.434339,3.108791,2.846411
2.143931,2.190192,2.138934,2.141968,2.166307,2.267130,2.427827,2.647019
2.106050,2.111178,2.142831,2.296376,2.437369,2.498350,3.668013,2.446417
2.182843,2.038986,2.225104,2.401937,2.787643,2.257670,2.416597,2.561068
2.104955,2.171056,2.179403,2.386692,2.534721,2.336061,2.590850,2.575222
1.992743,2.314518,2.119372,2.372831,2.309559,2.287130,2.290384,2.306929
2.078911,2.107199,2.116744,2.185953,2.222425,2.472430,2.469964,2.477962
2.261520,2.129850,2.228839,2.191764,2.198109,2.352597,2.393832,2.282075
2.484580,2.189139,2.137489,2.439247,2.429387,2.317198,2.484903,2.666594
2.044769,2.146533,2.151430,2.401604,2.232092,2.336974,2.418074,2.619265
2.079081,2.176062,2.202160,2.292529,2.327549,2.460253,3.022543,2.499372
2.073187,2.204167,2.179532,2.185967,2.355386,2.430124,2.555683,2.407282
2.083733,2.056368,2.148321,2.496058,2.436262,2.395810,2.365230,2.596269
2.020858,2.161274,2.130118,2.184223,2.424831,2.342135,2.568239,2.632829
2.098055,2.255329,2.279941,2.145675,2.302700,2.324895,2.540497,2.526915
2.040196,2.228726,2.156222,2.172090,2.417548,2.482201,2.328907,2.490577
2.141558,2.166982,2.202946,2.209966,2.507965,2.387470,2.374122,2.498048
2.111433,2.137499,2.185976,2.423233,2.353071,2.422828,2.358095,2.633006
2.042094,2.219254,2.123476,2.478374,2.569117,2.508911,2.386700,2.461265
2.027208,2.174896,2.143830,2.189152,2.339941,2.679053,2.370079,2.421904
2.174548,2.218429,2.206293,2.324941,2.518398,2.478679,2.377911,2.399136
2.146531,2.164890,2.147207,2.215963,2.339028,2.434763,2.235655,2.667198
2.202721,2.169121,2.146793,2.170042,2.440901,2.430114,2.240403,2.667184
2.118629,2.090704,2.165263,2.392740,2.430438,2.446905,2.386431,2.658839
2.186502,2.283398,2.135041,2.127763,2.377805,2.264644,2.470473,2.643126
2.122726,2.277950,2.095697,2.258783,2.333361,2.478275,2.642237,2.528700
2.072605,2.104841,2.187982,2.124744,2.486882,2.511229,2.340251,2.585661
2.145228,2.248928,2.147311,2.228164,2.461801,2.605911,2.658368,2.445479
2.108580,2.244663,2.123523,2.289116,2.468925,2.418847,2.409252,2.385927
2.050702,2.100679,2.157460,2.429133,2.350996,2.455390,2.612128,2.394521
2.091344,2.281829,2.173899,2.129106,2.389272,2.479288,2.335036,2.652671
2.053806,2.099953,2.151565,2.153382,2.343955,2.364151,2.596086,2.695390
2.064411,2.070678,2.202400,2.150016,2.391243,2.390932,2.581452,2.487993
2.181556,2.284233,2.523067,2.364581,2.310404,2.306201,2.526471,2.374595
2.039072,2.099416,2.474592,2.304652,2.379096,2.443962,2.368201,2.503471
2.040158,2.204338,2.174663,2.464240,2.409096,2.359895,2.600721,2.643286
2.028884,2.171140,2.144924,2.385236,2.260958,2.395503,2.265873,2.573239
2.110710,2.084317,2.135691,2.421383,2.355751,2.225684,2.398471,2.679259
2.131523,2.079733,2.201045,2.157070,2.254207,2.337445,2.497439,2.393816
2.124525,2.192204,2.096148,2.276260,2.306029,2.303664,2.454346,2.473707
2.097872,2.180794,2.184147,2.200175,2.286672,2.432048,2.505311,2.601504
2.107447,2.106781,2.249981,2.455500,2.333337,2.534904,2.509933,2.731273
2.143368,2.309820,2.157384,2.520985,2.351945,2.341115,2.878195,2.434387
2.009097,2.193675,2.304068,2.190475,2.382637,2.684037,2.473833,2.434842
2.027075,2.191124,2.162883,2.174454,2.318657,2.361619,2.374275,2.349583
2.105878,2.178486,2.221654,2.470391,2.692019,2.291634,2.298383,2.549488
2.142368,2.147473,2.165377,2.451195,2.673631,2.433617,2.377029,2.617174
2.046068,2.216918,2.114502,2.180326,2.434068,2.442730,2.467634,2.257821
2.003951,2.098559,2.130500,2.514993,2.563421,2.327439,2.501345,2.540203
2.077635,2.144616,2.143558,2.405064,2.795949,2.436331,2.516622,2.428773
2.108312,2.211114,2.140070,2.227887,2.349123,2.265151,2.401059,2.663476
2.034387,2.123877,2.145225,2.253474,2.159261,2.339966,2.530121,2.573940
2.119690,2.013649,2.145595,2.197533,2.296651,2.554874,2.534599,2.581517
2.079325,2.652446,2.208891,2.466675,2.373391,2.536105,2.417288,2.287945
2.110978,2.156090,2.210925,2.439923,2.535046,2.479582,2.344078,2.438698
2.069580,2.187327,2.106406,2.256229,2.315146,2.316610,2.654532,2.450563
2.565152,2.087201,2.261056,2.186042,2.362690,2.364422,2.399322,4.612528
2.054866,2.079035,2.216858,2.200049,2.381630,2.383985,2.278049,2.471973
2.033748,2.192611,2.546668,2.208419,2.385570,2.366241,2.353557,2.632392
2.103107,2.596708,2.521040,2.339046,2.323526,2.278133,2.524984,2.367288
1.996977,2.444742,2.097029,2.229634,2.340546,2.850217,2.234389,2.856210
2.021626,2.472013,2.432834,2.474854,2.351031,2.487511,2.455880,2.510977
2.283056,2.199861,2.928645,2.358759,2.383374,2.437825,2.454503,2.679432
2.560665,2.240540,2.188782,2.200471,2.411362,2.744340,2.402197,2.555260
2.015569,2.197903,2.126359,2.188203,2.201405,2.353932,2.209163,2.480981
2.140687,2.155244,2.164843,2.235285,2.533347,2.681810,2.214919,2.752727
2.084752,2.206176,2.164386,2.392842,2.550057,2.333948,2.452123,2.488148
2.480406,2.359844,2.279453,2.268017,2.327429,2.497796,2.390698,2.540942
2.151591,2.177734,2.284946,2.287095,2.361528,2.350277,2.343697,2.531547
2.123252,2.027364,2.166089,2.186115,2.327567,2.555248,2.238691,2.376445
2.189277,2.253830,2.158146,2.239207,2.448515,2.345965,2.685992,2.917116
2.002025,2.125941,2.176846,2.185655,2.384591,2.817290,2.188511,2.835254
2.294983,2.453674,2.190039,2.357410,2.450414,2.314897,2.363157,2.313006
2.153417,2.165655,2.246911,2.457423,2.390285,2.320675,2.345478,2.405645
2.118655,2.507824,2.238352,2.300334,2.360749,2.378116,2.414385,2.459012
2.140445,2.127445,2.177927,2.154026,2.357577,2.314937,2.484613,2.571553
2.141882,2.374251,2.146018,2.372917,2.434875,2.381256,2.387803,2.451616
2.107678,2.160026,2.168046,2.317618,2.343249,2.264616,2.307850,2.419615
2.132842,2.137240,2.220008,2.402542,2.304958,2.829716,2.228029,2.670153
2.055989,2.119294,2.152184,2.199350,2.426433,2.377155,2.392674,2.971555
2.106769,2.116846,2.156287,2.262990,2.503901,2.370541,2.638181,2.462344
2.129188,2.220904,2.271736,2.435211,2.304067,2.335743,2.373396,2.391754
2.031734,2.312489,2.137612,2.164683,2.237852,2.266353,2.490092,2.526694
2.558646,2.043419,2.225257,2.240907,2.428828,2.464328,2.457987,2.567478
2.159518,2.535578,2.123965,2.308025,2.309666,2.388730,2.358488,2.631191
2.166164,2.494581,2.469008,2.412448,2.410282,2.194784,2.345502,2.583375
2.154140,2.394274,2.219472,2.192885,2.348219,2.357928,2.520269,2.682712
2.034018,2.308813,2.466319,2.299129,2.480602,2.340931,2.380241,2.292342
2.083644,2.181479,2.200272,2.214649,2.480164,2.341921,2.354815,2.598306
2.276482,2.150015,2.127070,2.274091,2.431231,2.505531,2.677900,2.500842
2.132756,2.247741,2.076059,2.199222,2.303546,2.895140,2.495676,2.670067
2.327057,2.108237,2.174622,2.217774,2.260447,2.638520,2.403066,3.103689
2.122251,2.073159,2.129152,2.113447,2.206870,2.639552,2.464922,2.689364
2.709901,2.044606,2.143182,2.381114,2.346158,2.418519,2.371219,2.885221
2.212914,2.247476,2.252759,2.387374,2.359186,2.450121,2.530597,2.504320
2.071770,2.230629,2.133404,2.279001,2.361508,2.320995,2.332957,2.417703
2.102256,2.214511,2.482047,2.409214,2.294569,2.358969,2.587544,3.775929
2.075274,2.166401,2.203195,2.372243,2.406232,2.438544,2.419329,2.499698
2.037796,2.186561,2.155882,2.323225,2.312297,2.323047,2.582311,2.513657
2.077295,2.270321,2.151021,2.446958,2.348387,2.703564,2.470794,2.447609
2.052801,2.060161,2.499821,2.275671,2.534805,2.329302,2.530920,2.394914
2.177214,2.275866,2.164931,2.217651,2.373597,2.604249,2.378939,2.667362
2.136162,2.488030,2.128712,2.614937,2.323474,2.335473,2.487089,2.563034
2.198445,2.237111,2.191586,2.143134,2.346613,2.389895,2.244887,2.482757
1.998010,2.198869,2.110704,2.201770,2.444928,2.470284,2.565581,2.307656
2.114815,2.151933,2.211118,2.284706,2.433829,2.245494,2.364526,2.613011
2.104608,2.099734,2.119306,2.284442,2.476653,2.372367,2.440152,2.499160
2.096788,2.162162,2.148170,2.213911,2.423329,2.488693,2.270595,2.732095
2.058382,2.141843,2.148084,2.253430,2.456113,2.422865,2.356111,2.465048
2.060417,2.322778,2.409774,2.273215,2.414341,2.799953,2.496914,2.752739
2.037550,2.326143,2.266657,2.475489,2.434650,2.528000,2.593176,2.296253
2.175709,2.117792,2.175647,2.286980,2.368209,3.023468,2.372610,2.505763
2.169553,2.203194,2.149413,2.396504,2.310994,2.226283,2.368256,2.286553
2.005412,2.136166,2.211256,2.253976,2.357782,2.321337,2.401693,2.574001
2.108334,2.721483,2.193504,2.211329,2.306358,2.540210,3.492901,2.458410
2.066720,2.147967,2.197201,2.254743,2.315357,2.352270,2.624595,2.526693
2.134617,2.158112,2.123497,2.242256,2.355084,2.401200,2.266205,2.519622
2.022508,2.082879,2.161833,2.193470,2.364078,2.300613,2.360140,2.398805
2.111717,2.370940,2.072065,2.209062,2.430033,2.318752,2.529105,2.412163
2.032568,2.139168,2.185714,2.256110,2.343712,2.484484,2.445545,2.281885
2.034865,2.210511,2.142323,2.469711,2.318761,2.330625,2.528454,2.435408
2.030670,2.114539,2.065510,2.159173,2.425358,2.501215,2.226761,2.537946
2.035767,2.148305,2.262341,2.239531,2.265825,2.335064,2.424412,2.343161
2.145794,2.643300,2.200697,2.282010,2.325587,2.572431,2.411742,2.339150
2.016794,2.115540,2.184586,2.227610,2.353981,2.477808,2.495649,2.615276
2.128730,2.281031,2.140407,2.290437,2.383615,2.992771,2.284857,2.476367
2.118170,2.276005,2.320204,2.123796,2.252160,2.512122,2.428537,2.322941
2.097376,2.148282,2.114650,2.186756,2.316438,2.305322,2.354246,2.504779
2.093266,2.084761,2.487798,2.284865,2.318729,2.283650,2.311295,2.640189
2.092267,2.188590,2.236172,2.291239,2.312709,2.381104,2.431624,3.326633
2.134451,2.145531,2.134085,2.206396,2.431390,2.227564,2.374909,2.511052
2.116433,2.261485,2.137782,2.244742,2.382350,2.319866,2.883126,2.367019
2.116962,2.145225,2.134488,2.456880,2.352157,2.657056,2.414751,2.647809
2.043992,2.154809,2.201268,2.389135,2.234790,2.299931,2.787993,2.313694
2.101376,2.184251,2.215514,2.239403,2.265669,2.526462,2.463485,2.648113
2.176699,2.128508,2.195440,2.296790,2.496895,2.450406,2.737977,2.554532
2.085354,2.206037,2.169719,2.486041,2.303904,2.379199,2.435551,2.507754
2.138888,2.118294,2.236308,2.226529,2.373592,2.489669,2.317831,2.562691
